0.00025 0 0.3196004993757803 0.05333076270182237
0.00025 1 0.6394931867081042 0.06389854718108372
0.00025 2 0.7076514816452897 0.050423399476031604
0.00025 5 0.7972027972027972 0.03327872127872126
0.00025 50 0.8128182834430505 0.01032104424859964
0.00025 400 0.6517635370094387 0.011032290114257298
0.00025 4000 0.31806060606060604 0.005383757575757578
0.0005 0 0.10986267166042447 0.04470577280255036
0.0005 1 0.33468802295003586 0.07399065410168298
0.0005 2 0.4611661341059191 0.08794390431322248
0.0005 5 0.6013986013986014 0.11614490920609083
0.0005 50 0.786982983480313 0.03423103121726055
0.0005 400 0.6477893691008445 0.01031976244976098
0.0005 4000 0.31612121212121214 0.006593729479724709
0.000625 0 0.06591760299625468 0.03572160605781667
0.000625 1 0.23707068292294206 0.05275590132945732
0.000625 2 0.3399112453970352 0.08062835954789424
0.000625 5 0.5134865134865135 0.1296613273275094
0.000625 50 0.7690970065830331 0.03761976638015923
0.000625 400 0.6477893691008445 0.01031976244976098
0.000625 4000 0.31612121212121214 0.006593729479724709
0.00075 0 0.039950062421972535 0.029078585393461576
0.00075 1 0.1593752490238266 0.026232616497213177
0.00075 2 0.24847313260017195 0.06169413658607273
0.00075 5 0.4195804195804196 0.14167905060483024
0.00075 50 0.7432617066202957 0.043087821339593824
0.00075 400 0.6418281172379533 0.014063465643053722
0.00075 4000 0.3141818181818182 0.006593729479724709
0.000875 0 0.02397003745318352 0.02854498803633449
0.000875 1 0.11753924615507212 0.035411333339536194
0.000875 2 0.18883958077613067 0.0558664167551743
0.000875 5 0.34565434565434566 0.14742511087059174
0.000875 50 0.7094770835921004 0.04745756788733887
0.000875 400 0.6358668653750621 0.008721791142203127
0.000875 4000 0.3141818181818182 0.006593729479724709
0.001 0 0.013982521847690388 0.014137206661406812
0.001 1 0.08765638696310463 0.03431474025945356
0.001 2 0.14312052437769904 0.044144730630276935
0.001 5 0.2817182817182817 0.1290072187753275
0.001 50 0.6717177990311762 0.05558052426043675
0.001 400 0.6299056135121709 0.011032290114257307
0.001 4000 0.3103030303030303 0.012038447913773419
0.00175 0 0.0 0.0
0.00175 1 0.0019921906127978325 0.0055303211411267825
0.00175 2 0.013914495425609628 0.014068427681629955
0.00175 5 0.05194805194805195 0.028281474864602533
0.00175 50 0.4233014532356229 0.07733407498079801
0.00175 400 0.5543964232488823 0.03532056211249596
0.00175 4000 0.29478787878787877 0.006593729479724709
0.0025 0 0.0 0.0
0.0025 1 0.0 0.0
0.0025 2 0.0019877850608013754 0.005518091328784619
0.0025 5 0.00999000999000999 0.008769713071555864
0.0025 50 0.25835299962737546 0.06350348461880001
0.0025 400 0.49677098857426727 0.04696828271416959
0.0025 4000 0.27151515151515154 0.024076895827546806
0.00375 0 0.0 0.0
0.00375 1 0.0 0.0
0.00375 2 0.0 0.0
0.00375 5 0.0 0.0
0.00375 50 0.07949323065457707 0.057199713026295125
0.00375 400 0.35767511177347244 0.053764731447967576
0.00375 4000 0.2307878787878788 0.04373785330670434
0.005 0 0.0 0.0
0.005 1 0.0 0.0
0.005 2 0.0 0.0
0.005 5 0.0 0.0
0.005 50 0.017885976897279842 0.02206732082971059
0.005 400 0.20864381520119224 0.07752097533912214
0.005 4000 0.1726060606060606 0.040288352603866984
0.00625 0 0.0 0.0
0.00625 1 0.0 0.0
0.00625 2 0.0 0.0
0.00625 5 0.0 0.0
0.00625 50 0.0 0.0
0.00625 400 0.12121212121212122 0.0637347535877134
0.00625 4000 0.12024242424242425 0.023467255209248784
0.0075 0 0.0 0.0
0.0075 1 0.0 0.0
0.0075 2 0.0 0.0
0.0075 5 0.0 0.0
0.0075 50 0.0 0.0
0.0075 400 0.04967709885742673 0.041828240899527275
0.0075 4000 0.07951515151515151 0.023156416912785777
0.01 0 0.0 0.0
0.01 1 0.0 0.0
0.01 2 0.0 0.0
0.01 5 0.0 0.0
0.01 50 0.0 0.0
0.01 400 0.009935419771485345 0.012334475321489152
0.01 4000 0.03296969696969697 0.027714588384368397
