0.00025 0 2.78125 0.43136464336291025
0.00025 1 1.3862928348909658 0.12923903018707822
0.00025 2 1.25 0.0921756134807137
0.00025 5 1.1027568922305764 0.045236986119976674
0.00025 50 1.0146699266503667 0.01284652657753746
0.00025 400 1.0060975609756098 0.01735129010670513
0.00025 4000 1.0060975609756098 0.01735129010670513
0.0005 0 8.090909090909092 4.517395988156779
0.0005 1 2.6488095238095237 0.5079162145609222
0.0005 2 1.918103448275862 0.31513367440567663
0.0005 5 1.4617940199335548 0.2872206281237943
0.0005 50 1.047979797979798 0.045467584231757584
0.0005 400 1.0122699386503067 0.016195621998261352
0.0005 4000 1.0122699386503067 0.02125172271966622
0.000625 0 13.484848484848484 11.038605175557219
0.000625 1 3.7394957983193278 0.7467774904126848
0.000625 2 2.6023391812865495 0.6528267410738384
0.000625 5 1.7120622568093384 0.4878154657370637
0.000625 50 1.0723514211886305 0.0523856433446468
0.000625 400 1.0122699386503067 0.016195621998261352
0.000625 4000 1.0122699386503067 0.02125172271966622
0.00075 0 22.25 44.24408180788828
0.00075 1 5.5625 0.9910883537954629
0.00075 2 3.56 1.032033727983832
0.00075 5 2.0952380952380953 1.0387324587505251
0.00075 50 1.1096256684491979 0.06550582514391728
0.00075 400 1.021671826625387 0.022498669124016903
0.00075 4000 1.0185185185185186 0.021251752429153073
0.000875 0 37.083333333333336 42.44462367865006
0.000875 1 7.5423728813559325 2.565931880915684
0.000875 2 4.684210526315789 1.5173060441526685
0.000875 5 2.5433526011560694 1.912083712249345
0.000875 50 1.1624649859943978 0.07831757494740822
0.000875 400 1.03125 0.014150197424914546
0.000875 4000 1.0185185185185186 0.021251752429153073
0.001 0 63.57142857142857 51.36651504169175
0.001 1 10.113636363636363 4.0329045535870165
0.001 2 6.180555555555555 2.0078226700797717
0.001 5 3.120567375886525 2.6989834059566937
0.001 50 1.227810650887574 0.10272354003609065
0.001 400 1.0410094637223974 0.018434723029104913
0.001 4000 1.03125 0.04006680571739427
0.00175 0 0 0.0
0.00175 1 445.0 595.0089046029478
0.00175 2 63.57142857142857 51.36651504169175
0.00175 5 16.923076923076923 9.449851435563982
0.00175 50 1.948356807511737 0.36119834185418875
0.00175 400 1.1827956989247312 0.07515177549509669
0.00175 4000 1.0855263157894737 0.024131396919300975
0.0025 0 0 0.0
0.0025 1 0 0.0
0.0025 2 445.0 595.0089046029478
0.0025 5 88.0 61.071999999999996
0.0025 50 3.1923076923076925 0.7584059309651551
0.0025 400 1.32 0.12647357582010244
0.0025 4000 1.1785714285714286 0.10996637103731188
0.00375 0 0 0.0
0.00375 1 0 0.0
0.00375 2 0 0.0
0.00375 5 0 0.0
0.00375 50 10.375 45.170775874644846
0.00375 400 1.8333333333333333 0.3131654965403484
0.00375 4000 1.3865546218487395 0.28803557893053283
0.005 0 0 0.0
0.005 1 0 0.0
0.005 2 0 0.0
0.005 5 0 0.0
0.005 50 46.111111111111114 45.00680682096601
0.005 400 3.142857142857143 1.2637498081948768
0.005 4000 1.853932584269663 0.4270243779117359
0.00625 0 0 0.0
0.00625 1 0 0.0
0.00625 2 0 0.0
0.00625 5 0 0.0
0.00625 50 0 0.0
0.00625 400 5.409836065573771 2.840310069770956
0.00625 4000 2.661290322580645 0.5431451255091455
0.0075 0 0 0.0
0.0075 1 0 0.0
0.0075 2 0 0.0
0.0075 5 0 0.0
0.0075 50 0 0.0
0.0075 400 13.2 33.629096223690304
0.0075 4000 4.024390243902439 1.2165158864698804
0.01 0 0 0.0
0.01 1 0 0.0
0.01 2 0 0.0
0.01 5 0 0.0
0.01 50 0 0.0
0.01 400 66.0 64.77663801093725
0.01 4000 9.705882352941176 15.424750044243575
